%YAML:1.0
camera_matrix: !!opencv-matrix
   rows: 3
   cols: 3
   dt: d
   data: [1405.3405484479399, 0, 1003.15813578841,
          0, 1405.07171198432, 555.98236685457698,
          0, 0, 1]
distortion_coefficients: !!opencv-matrix
   rows: 5
   cols: 1
   dt: d
   data: [-0.16771175584378301, 0.0033678801983408799, -0.000223684229452583, 3.3377243422766701e-05, 0.0202911583295034]